gen Genesis Genesis 50 The_First_Book_of_Moses,_called_Genesis 1,3,6,9,14,20,24,26,29,31;1,4,8,16,18,21;1,6,9,11,14,16,17,20,21,22;1,3,6,8,9,13,16,19,23,25;1,6,21,25,28;1,3,4,6,8,11,13,22;1,5,11,13,17,21;1,4,6,13,15,20;1,8,12,18,24,28;1,6,15,21;1,5,10,27;1,4,6,10,14;1,5,10,14;1,13,17,21;1,2,7,12,17;1,4,7,10,15;1,4,7,15,23;1,9,16,23;1,4,12,15,24,26,27,30;1,3,8,14;1,9,14,22,33;1,3,11,15,20;1,3,16;1,10,29,54,62;1,11,19,29;1,6,12,26,34;1,6,18,30,41;1,6,10,16;1,9,15,31;1,14,25,37;1,17,25,36,43;1,3,9,13,24;1,5,16;1,6,18,25;1,6,16,21;1,9,20,31;1,5,12,23,31;1,12,24;1,7,13,19;1,5,20;1,9,17,33,46;1,7,21,29;1,11,15,26;1,18;1,16,25;1,5,28;1,13,27;1,8;1,5,8,13,22,28;1,7,15,22
exo Exodus Exodus 40 The_Second_Book_of_Moses,_called_Exodus 1,8,15;1,5,11,16,23;1,7,11,16;1,10,18,24;1,3,10,15;1,10,14;1,8,14;1,16,20;1,8,13,22;1,12,21;1,4;1,21,29,37,43;1,11,17;1,10,15,21;1,22;1,13,22,32;1,8;1,7,13;1,9,16;1,12,18,22;1,12,22;1,7,16,25;1,10,20;1,9,12;1,10,23,31;1,7,15,31;1,9,20;1,6,15,31,40;1,38;1,11,17,22;1,12;1,7,15,21,30;1,7,12;1,5,10,18,28;1,20,30;1,8,14,35;1,10,25;1,9,21;1,32;1,16,34
lev Leviticus Leviticus 27 The_Third_Book_of_Moses,_called_Leviticus 1,3,10;1,11;1,6;1,13,22,27;1,7,14;1,8,14,24;1,11,35;1,14,31;1,8,23;1,3,8,12;1,9,20,43;1,6;1,18,38,47;1,10,21,33,54;1,19;1,5,15,20,29;1,10;1,6,19;1,11,19,30;1,10,22;1,10,16;1,10,17;1,4,15,23,33;1,10;1,8,23,39;1,14,40;1,14,26
num Numbers Numbers 36 The_Fourth_Book_of_Moses,_called_Numbers 1,17,44,47;1,3;1,14,40;1,21,34;1,11;1,22;1,10;1,5;1,15;1,11,29;1,4,16,24,31;1,4,10;1,21,26;1,5,11,20,36;1,22,30,37;1,12,23,35,41;1,8;1,8,20;1,11;1,14,22;1,4,10,21;1,15,22,36;1,13;1,10,15;1,6,16;1,5,52,57,63;1,12,15;1,9,16;1,12;1,3;1,7,13,25,48;1,16,28;1,50;1,16;1,9;1,5
deu Deuteronomy Deuteronomy 34 The_Fifth_Book_of_Moses,_called_Deuteronomy 1,9,19;1,8,24;1,12,21;1,41;1,6,23;1,4,17;1,12;1,10;1,7;1,12;1,8,18,26;1,5;1,6,12;1,22;1,12,19;1,18;1,8,14;1,9,15;1,14;1,10;1,10,15,18;1,5,13;1,9,15;1,5,14;1,5,13;1,12,16;1,11;1,15,45;1,10;1,11,15;1,9,14,22;1,7,15,19,26,39,44;1,6,8,12,18,22,26;1,5,9
jsh Joshua Joshua 24 The_Book_of_Joshua 1,10,16;1,8,22;1,7,14;1,10,20;1,10,13;1,6,17;1,6,10,16;1,3,23,30;1,3,15,22;1,7,15,28;1,10,15;1,7;1,7;1,6;1,13,20;1,5;1,7,14;1,2,11;1,10,17,24,32,40,49;1,7;1,9,43;1,10,21,30;1,11;1,15,29
jdg Judges Judges 21 The_Book_of_Judges 1,9,21;1,6;1,8,12,31;1,4,10,17;1,6,12,24;1,7,11,25,33;1,9,16,23;1,4,18,22,29;1,7,22,50;1,6,10;1,4,12,29;1,8;1,8,15,24;1,10;1,9,18;1,4,18,22;1,7;1,7,14,27;1,16,22;1,12,18,26;1,16
rth Ruth Ruth 4 The_Book_of_Ruth 1,6,19;1,4,17;1,6,14;1,9,13
1sm 1Samuel I_Samuel 31 The_First_Book_of_Samuel 1,9,19;1,11,27;1,11,19;1,10,12,19;1,6;1,10,19;1,3,7,13;1,4;1,3,11,18;1,9,17;1,5,12;1,6,16;1,8,15;1,16,24,36,47;1,10,24,32;1,6,14;1,12,31,40,48;1,6,12;1,8,11,18;1,9,24,35;1,10;1,6,20;1,7,14,19;1,9,16;1,2,12,18,32,36;1,6,13,21;1,8;1,7,15,20;1,6;1,7,21;1,8
2sm 2Samuel II_Samuel 24 The_Second_Book_of_Samuel 1,11,17;1,8,18,25;1,7,22;1,9;1,6,11,17;1,6,12,20;1,4,18;1,9,15;1,9;1,6,15;1,6,14;1,15,26;1,21,30;1,21,28;1,7,13,24,31;1,5,15;1,15,22;1,9,19;1,9,16,24,31,40;1,4,14,23;1,10,15;1,2;1,8;1,10,18
1kg 1Kings I_Kings 22 The_First_Book_of_the_Kings 1,5,11,32,41;1,12,26,35;1,5,16;1,20,29;1,10;1,11,15;1,13,48;1,12,22,54,62;1,10,15;1,14;1,9,14,26,41;1,16,25;1,11,23;1,7,21;1,9,25;1,15,29;1,8,17;1,17,21,41;1,9,19;1,12,22,31;1,5,17;1,15,29,41
2kg 2Kings II_Kings 25 The_Second_Book_of_the_Kings 1,9;1,9,13,19;1,6,20;1,8,18,38;1,9,15,20;1,8,13,24;1,3,12;1,7,16,25;1,11,16,30;1,15,29;1,4,13,17;1,4,17;1,10,20;1,8,15,23;1,8,32;1,5,10,17;1,7,24;1,9,17;1,8,20,35;1,12;1,10,19;1,11;1,4,25,31;1,8;1,8,22
1ch 1Chronicles I_Chronicles 29 The_First_Book_of_the_Chronicles 1,28;1,18;1,10;1,11,24;1,18;1,31,54;1,20;1,33;1,14,35;1,8;1,10;1,23;1,9;1,8;1,25;1,7,37;1,16;1,9;1,6;1,4;1,7,18;1,6,17;1,24;1,20;1,8;1,20,29;1,16;1,11;1,10,23
2ch 2Chronicles II_Chronicles 36 The_Second_Book_of_the_Chronicles 1,13;1,11;1,10;1,11;1,11;1,12;1,12;1,12;1,13;1,12;1,13;1,13;1,13;1,9;1,8;1,7;1,10;1,4,28;1,5;1,14,20,31;1,12;1,10;1,12;1,15;1,14,17;1,16;1;1,6,16;1,12,20;1,13,21;1,11;1,9,24;1,11,21;1,8,14,29;1,20;1,11,22
ezr Ezra Ezra 10 The_Book_of_Ezra 1,5;1,36,64;1,8;1,6,17;1,3;1,13;1,11,27;1,21,24,31;1,5;1,6,15
neh Nehemiah Nehemiah 13 The_Book_of_Nehemiah 1,5;1,9;1;1,7,16;1,6,14;1,10,15;1,5;1,9,13;1,4;1,32;1,20;1,27,44;1,10,15,23
est Esther Esther 10 The_Book_of_Esther 1,10;1,21;1,7;1,5;1,9;1,4,12;1,7;1,3,15;1,20;1
job Job Job 42 The_Book_of_Job 1,4,6,13,20;1,7,11;1,11,20;1,7,12;1,6,17;1,8,14,22;1,7,17;1,8,20;1,14,22,25;1,8,14;1,7,13;1,6,12;1,13,23;1,7,16;1,17;1,6,17;1,10;1,5,11;1,8,23;1,10,23;1,7,17,27;1,5,15,21;1,8,13;1,13,18;1;1,5;1,7,11;1,14,20;1,7,18;1,15;1,9,16,24,33;1,6,15;1,8,14,19,29;1,10,16,31;1,9,14;1,5,15,24;1,6,14,21;1,4,12,25;1,13,19,26;1,6,15;1,11;1,7,10
psa Psalms Psalms 150 The_Book_of_Psalms 1,4;1,7,10;1,4;1,6;1,7;1,8;1,10;1,3;1,11;1,12;1,4;1;1;1,4;1;1,8;1,8;1,20,29;1,7;1,6;1,7;1,11,22;1;1,3,7;1,8,15;1,6;1,7;1,6;1;1,6;1,9,19;1,7;1,12;1,11;1,11,17;1,5;1,7,21,34;1,12;1,7;1,6,11;1,5;1,6;1;1,9,17;1,6,10;1,6;1,5;1,8;1,6,15;1,7,16;1,7,14;1,6;1;1,4;1,9,16;1,8;1,7;1,6;1,8;1,6;1,5;1,8;1,3,7;1,7;1,6;1,8,13;1;1,7,15,22,32;1,13,22,30;1;1,14;1,2,18;1,15,21;1,12,18;1,6;1,7;1,11;1,9,40;1,6;1,8;1,8;1,6;1,9;1,8;1,8;1,8;1,4;1,10;1,5,15,19,38;1,7,12;1,9;1,7;1;1,12;1,7;1,10;1,8;1,4;1,6;1;1;1,12,23;1,6,19;1,10,19,31;1,8,25;1,6,13,34;1,10,17,23,33;1,6;1,6,21;1,5;1,6;1,6;1;1;1,9;1,10;1;1,19;1,4,7,9,10,11,12,13,17,18,19,20,21,22,23,24,25,26,28,30,33,35,37,38,39,40,41,43,45,49,50,51,52,53,54,55,57,58,59,61,62,63,64,65,67,68,69,71,72,73,74,75,76,78,80,81,83,84,85,88,89,92,93,94,95,96,97,98,101,102,103,105,106,107,108,109,111,113,114,115,116,118,121,123,124,126,127,129,130,131,132,133,134,135,136,137,139,140,141,142,143,145,147,149,150,152,153,155,156,157,158,159,160,161,162,163,164,165,166,167,169,171,172,173,175,176;1,5;1;1,6;1;1,6;1,4;1,4;1;1;1,5;1,5;1;1,11;1;1;1,5,15;1,10,23;1,7;1,6;1,7,17;1,8;1,5;1,4;1,7;1,9;1,10;1,5;1,12;1,7;1,6;1
pro Proverbs Proverbs 31 The_Proverbs 1,7,10,20;1,10;1,7,13,21,27;1,14,20;1,15;1,6,12,20;1,6,24;1,12,22,32;1,13;1,2,4,5,6,7,8,9,10,11,12,13,14,15,16,17,18,19,20,22,23,24,26,27,29,31;1,2,3,4,5,7,8,9,10,12,14,15,16,17,18,19,20,21,22,23,24,25,26,27,28,29,30,31;1,2,3,4,5,6,7,8,9,10,11,12,13,14,15,16,17,18,19,20,21,22,23,24,25,26,27,28;1,2,3,4,5,6,7,8,9,10,11,12,13,14,15,16,17,18,19,20,21,22,23,24,25;1,2,3,4,5,6,7,8,9,10,11,12,13,14,15,16,17,18,19,20,21,22,23,24,25,26,28,29,30,31,32,33,34,35;1,2,3,4,5,6,7,8,9,10,11,12,13,14,15,16,18,19,20,21,22,23,24,25,26,27,28,29,30,31,32,33;1,2,3,4,5,6,7,8,9,10,11,12,13,14,16,17,18,19,20,21,22,23,24,25,26,27,29,31,32,33;1,2,3,4,5,6,7,8,9,10,11,12,13,14,15,16,17,18,19,20,21,22,23,24,25,26,27;1,2,3,4,5,6,8,9,10,11,12,13,14,15,16,17,18,19,20,21,22,23,24;1,2,3,4,5,6,8,9,10,11,12,13,14,15,16,17,18,19,20,21,22,23,24,25,26,27,28,29;1,2,3,4,5,6,7,8,9,10,11,12,13,14,15,16,17,18,19,20,21,22,23,24,25,26,27,28,29,30;1,2,3,4,5,6,7,8,9,10,11,12,13,14,15,16,17,18,19,20,21,22,23,24,25,27,28,29,30;1,2,3,4,5,6,7,8,9,10,11,12,13,14,15,16,17,22,24,26,28,29;1,4,6,9,10,12,17,19,29;1,3,7,10,11,13,15,17,19,21,23,27,28,30;1,2,4,6,8,11,13,14,15,16,17,18,19,20,21,23,24,25,26,27,28;1,2,3,4,6,10,11,12,13,14,15,16,17,18,20,23,24,27,28;1,2,3,5,7,8,9,11,12,13,14,15,17,18,19,20,21,22,23;1,2,3,4,5,6,7,8,9,10,11,12,13,14,15,16,17,18,19,20,21,22,23,24,25,26,27,28;1,2,3,4,5,6,7,8,9,10,11,12,13,14,15,16,17,18,19,20,21,22,23,24,25,26,27;1,7,10,15,18,24,29;1,10
ecc Ecclesiastes Ecclesiastes 12 The_Book_of_Ecclesiastes 1,4,9,12;1,12,17;1,11,16;1,4,7,13;1,4,9,18;1,7,11;1,7,11,23;1,6,9,14;1,4,11,13;1,4,12,16;1,7;1,8,13
sol SongOfSolomon Song_of_Solomon 8 The_Song_of_Solomon 1,2,7,12;1,3,8,14;1,6,7;1,8,15;1,2,9;1,4,11;1,10;1,5,8,13
isa Isaiah Isaiah 66 The_Book_of_the_Prophet_Isaiah 1,2,10,16,21;1,6,10;1,9,16;1,2;1,8,18;1,5,9;1,10,17;1,9,16;1,8;1,5,20,24;1,10;1,4;1,6,19;1,4,24;1,6;1,6;1,6,9,12;1;1,18;1;1,11,13;1,8,15;1,15;1,13,16;1,6,9;1,5,12,20;1,7;1,9,14,23;1,9,17;1,8,18,27;1,6;1,9;1,13;1,9;1,5;1,11;1,8,21;1,9;1,5;1,3,9,12,18,27;1,10,21;1,5,13,18;1,8,14,22;1,9,21;1,5,11,20;1,5;1,7;1,9,16;1,7,13,18,24;1,4,10;1,4,9,17;1,7,13;1,4,10;1,6,11;1,6;1,3,9;1,3,13,17;1,3,8,13;1,9,16;1,9,15;1,4,10;1,6,10;1,7,15;1,6;1,8,11,17;1,5,15
jer Jeremiah Jeremiah 52 The_Book_of_the_Prophet_Jeremiah 1,4,11;1,9,14,20,29;1,6,12,20;1,3,5,19;1,10,20,25;1,9,18;1,16,21,29;1,4,13;1,12,23;1,17;1,11,18;1,7,14;1,12,22;1,10,17;1,10,15;1,10,14;1,5,12,19;1,11,18;1,10;1,7,14;1,8;1,10,20;1,9,33;1;1,8,15,30;1,7,16;1,12;1,10;1,8,15,24;1,10,18;1,10,18,27,35;1,16,26;1,10,17;1,8;1,12;1,9,20;1,11;1,14;1,11;1,7;1,11;1,7;1,8;1,15,20;1;1,12;1;1,14;1,7,23,28,34;1,9,21,33;1,59;1,12,24,31
lam Lamentations Lamentations 5 The_Lamentations_of_Jeremiah 1,12;1,10;1,21,37,42,55;1,13,21;1,17
eze Ezekiel Ezekiel 48 The_Book_of_the_Prophet_Ezekiel 1,4,15,26;1,6;1,16,22;1,9;1,5;1,8,11;1,16,23;1,7,13;1,5;1,8;1,14,22;1,17,21;1,10,17;1,12;1;1,6,15,35,44,60;1,22;1,10,21,30;1,10;1,5,10,27,33,45;1,8,18,28;1,17,23;1,11,22,36;1,15;1,8;1,15;1,26;1,11,20;1,8,17;1,20;1,10;1,17;1,10,21,30;1,7,17;1,10;1,16,25;1,15;1,14;1,8,23;1,5,27,39;1,12;1,15;1,7,13;1,4,10,17;1,9,13;1,16,19;1,13;1,31
dan Daniel Daniel 12 The_Book_of_Daniel 1,8,17;1,14,24,31,46;1,8,19,28;1,4,19,28,34;1,10,30;1,6,11,18,25;1,9,15;1,15;1,4,20;1,10;1,5,21;1,5
hos Hosea Hosea 14 Hosea 1,2,8;1,6,14;1;1,6,12;1,8;1,4;1,8;1,8;1,7,11;1,9;1,8;1,7;1,5,9;1,4,8
jol Joel Joel 3 Joel 1,8,14;1,12,18,28;1,9,18
amo Amos Amos 9 Amos 1,3;1,9;1,9;1,6;1,4,16,21;1,8;1,10;1,4,11;1,11
oba Obadiah Obadiah 0 Obadiah 1,10,17
jon Jonah Jonah 4 Jonah 1,4,11;1,10;1,5;1,5
mic Micah Micah 7 Micah 1,8;1,6,12;1,8;1,8;1,7;1,6,9;1,7,14
nah Nahum Nahum 3 Nahum 1,2,9;1,11;1,8
hab Habakkuk Habakkuk 3 Habakkuk 1,5,12;1,5,15;1,3,16
zph Zephaniah Zephaniah 3 Zephaniah 1,7,14;1,4,8,12;1,8,14
hag Haggai Haggai 2 Haggai 1,12;1,10,20
zch Zechariah Zechariah 14 Zechariah 1,7,18;1,6,10;1,8;1,11;1,5;1,9;1,8;1,9,18;1,9,12;1,5;1,4,15;1,9;1,7;1,8,16
mal Malachi Malachi 4 Malachi 1,6;1,10;1,7,13;1,4
mat Matthew Matthew 28 The_Gospel_According_to_Matthew 1,18;1,9,13,16,19;1,7,13;1,12,18,23;1,3,13,17,21,27,33,38,43;1,5,9,16,19,25;1,7,12,15,21;1,5,14,18,23,28;1,9,14,18,27,35;1,5,16;1,7,16,25;1,14,22,38,46;1,24,44,53;1,13,22,34;1,10,21,29;1,5,13,21,24;1,14,22,24;1,7,15,21;1,3,13,16,23;1,17,20,29;1,12,18,23,28,33;1,15,23,34,41;1,13,34;1,4,32;1,14,31;1,6,14,17,26,31,36,47,57,69;1,11,26,33,50,57;1,11,16
mrk Mark Mark 16 The_Gospel_According_to_Mark 1,9,14,23,29,40;1,13,18;1,13,22,31;1,21,35;1,21,35;1,7,14,30,45;1,24,31;1,10,22,27;1,14,30,41;1,13,17,32,46;1,12,27;1,13,18,28,35,41;1,5,14,24,28;1,12,32,43,53,66;1,15,22,33,42;1,9,14,19
luk Luke Luke 24 The_Gospel_According_to_Luke 1,5,26,39,57,67;1,8,21,25,41;1,15,21;1,14,31;1,12,17,27;1,12,20,27,37;1,11,19,36;1,4,22,40;1,10,18,28,37,43,51,57;1,17,25,38;1,14,27,29,37;1,13,22,41,54;1,6,10,18,23,31;1,7,15,25;1,11;1,19;1,11,20;1,9,15,18,31,35;1,11,28,41;1,9,20,27,39;1,5,20,29;1,7,21,39,47,54,63;1,13,26,32,44,50;1,13,36,50
jhn John John 21 The_Gospel_According_to_John 1,5,15,19,29,37,43;1,12,23;1,22;1,4,27,43;1,17,31;1,15,22,28,60;1,14,37,45;1,12,21,31,38,46,51;1,8,13,35,39;1,19,22,39;1,17,33,45;1,12,20,27,37,42,44;1,18,31,36;1,4,12,15,18,25,28;1,9,18,26;1,7,16,23,28;1,6,11,17,20,24;1,13,28;1,16,19,31,38;1,11,19,26;1,15,20
act Acts Acts 28 The_Acts_of_the_Apostles 1,6,12,15;1,5,14,37,42;1,12;1,5,15,23,32;1,12,17,26;1,8;1,17,30,42,51,54;1,4,14,26;1,10,23,32,36;1,9,19,34,44;1,19,27;1,5,20;1,4,14,42;1,8,19;1,6,22,36;1,6,16,25,35;1,10,16,22,32;1,7,12,18,24;1,8,13,21;1,7,13,17,36;1,8,15,27;1,3,22;1,6,12;1,10,22;1,13;1,12,24;1,12,21;1,11,17,23,30
rom Romans Romans 16 The_Epistle_of_Paul_the_Apostle_to_the_Romans 1,8,16,19;1,17;1,19;1,9,17,23;1,6;1;1,7,14;1,10,17,26,29,31;1,6,14,25,30;1,12;1,33;1;1,7,11;1;1,5,7,13,14,17,22,30;1,17,21,25
1co 1Corinthians I_Corinthians 16 The_First_Epistle_of_Paul_the_Apostle_to_the_Corinthians 1,10,14,17;1,6;1,5,11,16,18,21;1,7,14,17;1,7,9;1,9,12;1,10,17,25,36,39;1,4,7;1,3,15,19,24;1,6,15,23;1,17,23;1,12,27;1,4,8;1,6,15,21,26,34,36;1,12,20,35,51,58;1,5,10,13,19
2co 2Corinthians II_Corinthians 13 The_Second_Epistle_of_Paul_the_Apostle_to_the_Corinthians 1,3,7,12,15;1,5,12;1,6,12;1,8;1,12,16;1,11;1,5,12;1,7,16;1,6;1,7,12;1,5,16,22;1,11;1,7,11
gal Galatians Galatians 6 The_Epistle_of_Paul_the_Apostle_to_the_Galatians 1,6,10;1,11;1,6,19;1,8,12,17,19,21;1,13;1,11
eph Ephesians Ephesians 6 The_Epistle_of_Paul_the_Apostle_to_the_Ephesians 1,3,15;1,4,11,14;1,14;1,2,17;1,3,21;1,10,19
plp Philippians Philippians 4 The_Epistle_of_Paul_the_Apostle_to_the_Philippians 1,3,7,9,12,21,27;1,12,14;1,4,9,15,17;1,10,20
col Colossians Colossians 4 The_Epistle_of_Paul_the_Apostle_to_the_Colossians 1,3,9,12;1,4,13,16;1,5,8,12,18;1,2,5,7
1th 1Thessalonians I_Thessalonians 5 The_First_Epistle_of_Paul_the_Apostle_to_the_Thessalonians 1,2,6;1,7,13,17;1,6,11;1,9,13;1,6,11,16,23
2th 2Thessalonians II_Thessalonians 3 The_Second_Epistle_of_Paul_the_Apostle_to_the_Thessalonians 1,5,11;1,3,13,16;1,6,16
1tm 1Timothy I_Timothy 6 The_First_Epistle_of_Paul_the_Apostle_to_Timothy 1,5,12,18;1,9;1,8,14;1,6;1,3,17;1,6,13
2tm 2Timothy II_Timothy 4 The_Second_Epistle_of_Paul_the_Apostle_to_Timothy 1,6,15;1,8,14,19,22;1,10;1,9,16
tit Titus Titus 3 The_Epistle_of_Paul_the_Apostle_to_Titus 1,5,6;1,11,15;1,9
plm Philemon Philemon 0 The_Epistle_of_Paul_the_Apostle_to_Philemon 1,8
heb Hebrews Hebrews 13 The_Epistle_of_Paul_the_Apostle_to_the_Hebrews 1,4;1,5,10,14;1,7;1,11;1,10;1,9;1,11;1,6;1,8,15,23;1,7,19;1,4,32;1,4,18;1,18
jam James James 5 The_General_Epistle_of_James 1,2,13,19;1,8,14;1,13;1,11;1,12
1pt 1Peter I_Peter 5 The_First_Epistle_General_of_Peter 1,3,6,10,13,24;1,4,13;1,8,16,18,21;1,4,7,12;1,5,8,10
2pt 2Peter II_Peter 3 The_Second_Epistle_General_of_Peter 1,5,12,16,19;1,3,7,10;1,3,8,9,11
1jn 1John I_John 5 The_First_Epistle_General_of_John 1,5,8;1,3,7,12,18,20,28;1,4,11,14,20,23;1,4,7,14,17;1,6,10,14,18
2jn 2John II_John 0 The_Second_Epistle_of_John 1,5,7,10,12
3jn 3John III_John 0 The_Third_Epistle_of_John 1,3,9,12
jud Jude Jude 0 The_General_Epistle_of_Jude 1,3,8,15
rev Revelation Revelation 22 The_Revelation_of_Saint_John_the_Divine 1,3,9;1,8,12,18;1,7,14;1,8;1,6;1,3,9;1,13;1,7;1,13;1,8;1,3,14;1,12;1,11;1,6,13;1,5;1,8,12,17;1,7,14;1,9;1,5,11;1,11;1,9;1,6,20
